2 0.5203125 0.4984375 0.5328125 0.5046875 0.540625 0.5140625 0.5484375 0.5484375 0.5421875 0.56875 0.540625 0.584375 0.515625 0.60625 0.5125 0.6140625 0.4984375 0.6171875 0.4765625 0.6140625 0.4546875 0.6 0.4453125 0.5859375 0.4375 0.56875 0.434375 0.5515625 0.434375 0.521875 0.4421875 0.5140625 0.4546875 0.5078125 0.4671875 0.5046875 0.4765625 0.4984375 0.4875 0.496875 0.51875 0.4984375
2 0.19375 0.471875 0.2171875 0.4828125 0.221875 0.4921875 0.2171875 0.5046875 0.1953125 0.5203125 0.1859375 0.5203125 0.1765625 0.5171875 0.15 0.51875 0.1421875 0.5140625 0.1359375 0.5046875 0.146875 0.49375 0.15625 0.4796875 0.171875 0.471875 0.1921875 0.471875
2 0.515625 0.3703125 0.0296875 0.0484375
2 0.3953125 0.484375 0.396875 0.4921875 0.39375 0.4953125 0.3859375 0.4953125 0.3859375 0.4890625 0.39375 0.484375
2 0.5421875 0.4375 0.55 0.4453125 0.55 0.45625 0.546875 0.46875 0.5375 0.4765625 0.528125 0.4765625 0.521875 0.471875 0.5203125 0.4515625 0.521875 0.44375 0.5265625 0.4390625 0.540625 0.4375
2 0.5609375 0.4140625 0.021875 0.034375
2 0.703125 0.3328125 0.70625 0.3359375 0.7078125 0.34375 0.7015625 0.3828125 0.690625 0.4046875 0.6859375 0.4078125 0.678125 0.40625 0.675 0.3984375 0.6765625 0.3921875 0.6765625 0.3640625 0.675 0.3625 0.6921875 0.334375 0.6953125 0.33125 0.7015625 0.3328125
2 0.6375 0.5765625 0.6421875 0.5828125 0.6546875 0.5875 0.659375 0.5921875 0.6546875 0.615625 0.6390625 0.625 0.6328125 0.6234375 0.625 0.615625 0.6203125 0.6015625 0.621875 0.59375 0.6296875 0.584375 0.63125 0.578125 0.6359375 0.5765625
2 0.7515625 0.58125 0.7578125 0.59375 0.7578125 0.6125 0.7609375 0.628125 0.759375 0.6484375 0.7546875 0.6546875 0.7421875 0.6546875 0.7359375 0.6515625 0.7296875 0.6359375 0.7328125 0.6078125 0.7421875 0.5953125 0.746875 0.5828125 0.75 0.58125
2 0.7984375 0.559375 0.8046875 0.565625 0.8078125 0.571875 0.8078125 0.578125 0.803125 0.5859375 0.7921875 0.590625 0.784375 0.5875 0.778125 0.58125 0.778125 0.571875 0.7796875 0.5625 0.784375 0.5578125 0.796875 0.559375
2 0.9859375 0.521875 0.9984375 0.5265625 0.9984375 0.58125 0.978125 0.5515625 0.9671875 0.540625 0.9671875 0.5359375 0.9640625 0.534375 0.9734375 0.521875 0.984375 0.521875