2 0.53125 0.4984375 0.54375 0.5046875 0.5515625 0.5140625 0.553125 0.521875 0.5578125 0.5296875 0.5609375 0.5484375 0.5546875 0.56875 0.553125 0.584375 0.5296875 0.60625 0.5265625 0.6140625 0.5125 0.6171875 0.490625 0.6140625 0.4859375 0.609375 0.471875 0.603125 0.4640625 0.5953125 0.45 0.56875 0.4453125 0.521875 0.453125 0.5140625 0.465625 0.5078125 0.478125 0.5046875 0.4875 0.4984375 0.4984375 0.496875 0.5296875 0.4984375
2 0.2046875 0.471875 0.228125 0.4828125 0.2328125 0.4921875 0.228125 0.5046875 0.20625 0.5203125 0.196875 0.5203125 0.1875 0.5171875 0.1609375 0.51875 0.153125 0.5140625 0.146875 0.5046875 0.1578125 0.49375 0.1671875 0.4796875 0.1828125 0.471875 0.203125 0.471875
2 0.5238541666666666 0.3703125 0.030763888888888858 0.0484375
2 0.40625 0.484375 0.4078125 0.4921875 0.4046875 0.4953125 0.396875 0.4953125 0.396875 0.4890625 0.4046875 0.484375
2 0.5515625 0.4375 0.5578125 0.4421875 0.5609375 0.45625 0.5578125 0.46875 0.5484375 0.4765625 0.5390625 0.4765625 0.5328125 0.471875 0.5296875 0.4515625 0.53125 0.44375 0.5359375 0.4390625 0.55 0.4375
2 0.570138888888889 0.4140625 0.022638888888888875 0.034375
2 0.7109375 0.3328125 0.7140625 0.3359375 0.715625 0.34375 0.7078125 0.384375 0.709375 0.3859375 0.7 0.4046875 0.6953125 0.4078125 0.690625 0.4078125 0.6859375 0.4046875 0.684375 0.3640625 0.6828125 0.3625 0.7 0.334375 0.703125 0.33125 0.709375 0.3328125
2 0.65 0.5765625 0.6546875 0.5828125 0.6671875 0.5875 0.6734375 0.596875 0.6703125 0.603125 0.66875 0.615625 0.653125 0.625 0.646875 0.6234375 0.6390625 0.615625 0.634375 0.6015625 0.6359375 0.6 0.634375 0.59375 0.6421875 0.584375 0.64375 0.578125 0.6484375 0.5765625
2 0.7640625 0.58125 0.771875 0.596875 0.771875 0.6125 0.775 0.628125 0.7734375 0.6484375 0.76875 0.6546875 0.75625 0.6546875 0.75 0.6515625 0.74375 0.6359375 0.746875 0.6078125 0.759375 0.5828125 0.7625 0.58125
2 0.8109375 0.559375 0.8171875 0.565625 0.8203125 0.571875 0.8203125 0.578125 0.815625 0.5859375 0.8046875 0.590625 0.796875 0.5875 0.790625 0.58125 0.790625 0.571875 0.7921875 0.5625 0.796875 0.5578125 0.809375 0.559375
2 0.996875 0.521875 0.9984375 0.5234375 0.9984375 0.5640625 0.990625 0.5515625 0.9796875 0.540625 0.9796875 0.5359375 0.9765625 0.534375 0.9796875 0.53125 0.978125 0.528125 0.984375 0.521875 0.9953125 0.521875